2
219
69 295
73 284
80 275
92 271
104 267
119 266
135 266
149 268
164 269
178 271
181 260
179 246
178 231
176 217
175 202
173 188
170 175
168 161
166 147
163 134
161 120
158 107
157 92
157 78
160 65
166 55
175 48
186 43
200 41
213 43
224 49
231 57
238 66
244 77
248 88
251 101
254 115
256 128
260 140
264 152
269 150
274 139
279 128
284 117
288 105
293 94
298 83
302 71
308 61
315 52
324 45
337 42
351 43
363 48
372 54
379 63
382 76
383 91
380 104
377 117
373 129
369 141
365 153
362 165
359 178
356 191
353 205
351 219
349 233
348 248
348 264
359 270
373 272
389 272
405 272
418 275
430 279
439 285
447 294
451 305
451 318
446 329
438 338
429 345
419 350
407 354
393 357
379 358
363 358
347 358
331 358
315 358
312 363
317 373
322 385
324 398
325 413
324 427
320 440
315 451
309 460
301 469
292 475
281 481
269 484
255 486
240 485
226 483
215 478
205 472
196 465
188 457
182 447
178 435
175 422
174 407
175 392
179 380
185 370
192 361
180 359
164 359
150 357
136 355
122 353
108 351
96 347
85 342
78 333
72 323
68 311
68 295
225.975 375.434
212.091 141.807
161.818 300.883
343.869 74.9205
85.2064 273.175
103.73 313.723
297.559 232.837
196.815 70.8388
326.057 217.427
288.585 477.38
373.268 304.704
306.326 182.685
238.692 196.152
233.03 421.281
154.509 329.943
267.128 347.995
198.866 308.982
229.245 444.276
262.251 460.798
204.352 269.405
228.364 333.984
344.526 293.567
201.662 290.832
249.644 432.576
270.266 381.588
267.865 429.794
291.751 398.532
315.469 246.455
255.359 327.382
218.245 349.801
315.018 265.261
321.179 117.628
132.365 323.104
327.76 300.121
268.771 304.17
299.967 149.97
308.423 283.964
223.413 311.144
110.693 298.236
417.845 316.777
293.956 428.524
211.645 385.876
217.257 452.127
332.418 167.094
291.334 337.562
247.103 298.787
284.537 283.009
213.19 94.4847
412.612 304.557
313.42 155.684
271.461 410.622
346.728 116.854
321.56 100.791
206.52 180.139
206.93 433.386
369.201 347.061
229.78 140.9
390.802 297.55
244.279 452.82
327.931 79.9954
202.549 402.58
212.931 238.458
291.853 313.082
248.359 367.828
179.525 317.707
240.808 400.881
183.72 333.694
194.789 151.375
223.423 272.901
244.606 274.284
136.379 296.408
353.516 88.4784
335.182 140.054
243.781 469.978
277.58 446.831
361.027 323.118
223.248 111.659
189.189 88.1339
209.244 417.248
193.079 119.464
257.582 243.879
277.656 184.482
320.985 323.142
300.676 210.994
393.99 326.597
235.15 167.771
323.32 193.326
