406
197 156 182 
0 131 1 
131 0 130 
2 136 1 
23 2 1 
80 171 79 
171 78 79 
156 158 182 
158 172 182 
111 127 112 
124 114 125 
127 126 112 
186 114 210 
186 111 112 
111 186 174 
174 205 107 
197 145 210 
145 186 210 
0 137 130 
137 129 130 
129 137 128 
137 127 128 
137 126 127 
126 137 125 
19 136 2 
19 18 3 
136 19 3 
18 19 199 
169 177 160 
197 195 156 
195 147 156 
178 201 212 
138 178 212 
151 154 9 
154 134 9 
134 154 148 
154 169 148 
193 11 12 
193 144 212 
17 18 199 
18 17 3 
131 24 1 
24 23 1 
23 24 209 
180 77 78 
171 180 78 
77 180 76 
82 83 171 
189 216 142 
216 180 171 
180 216 189 
81 171 80 
81 82 171 
147 92 156 
92 158 156 
158 92 93 
214 89 90 
88 89 187 
216 207 142 
207 216 187 
207 153 142 
89 207 187 
207 89 214 
194 178 168 
69 159 68 
72 189 142 
189 72 73 
73 72 68 
72 69 68 
165 194 168 
194 165 214 
165 207 214 
207 165 153 
135 52 53 
54 135 53 
67 73 68 
180 75 76 
64 75 65 
133 211 208 
179 211 209 
211 179 208 
211 133 199 
19 211 199 
188 208 36 
188 133 208 
123 122 116 
122 121 116 
121 117 116 
114 192 210 
117 192 116 
192 197 210 
5 6 202 
6 7 202 
7 134 202 
7 6 12 
11 7 12 
113 186 112 
186 113 114 
126 113 112 
114 113 125 
113 126 125 
106 205 105 
205 106 107 
172 157 182 
157 172 206 
190 205 174 
186 149 174 
145 149 186 
149 190 174 
164 124 125 
137 164 125 
164 123 124 
134 164 202 
211 21 209 
169 152 148 
152 169 160 
152 195 161 
147 152 160 
195 152 147 
132 195 197 
195 132 161 
132 119 161 
154 200 169 
177 200 201 
169 200 177 
200 154 151 
193 200 151 
201 200 212 
200 193 212 
10 151 9 
10 193 151 
193 10 11 
193 185 144 
133 185 199 
84 83 99 
83 84 171 
216 84 85 
84 216 171 
158 96 172 
86 216 85 
216 86 187 
100 101 206 
100 172 99 
172 100 206 
83 100 99 
100 83 82 
101 100 82 
102 141 206 
101 102 206 
102 101 141 
91 214 90 
93 91 90 
92 91 93 
176 147 160 
194 176 160 
176 92 147 
176 91 92 
176 194 214 
91 176 214 
177 166 160 
166 194 160 
194 166 178 
166 177 201 
178 166 201 
178 162 168 
159 162 138 
162 178 138 
162 165 168 
165 162 153 
153 71 142 
71 72 142 
72 71 69 
139 179 209 
139 27 28 
27 139 26 
139 25 26 
24 139 209 
139 24 25 
179 34 208 
135 51 52 
51 135 50 
59 77 76 
66 218 65 
144 213 212 
175 64 65 
218 175 65 
140 159 138 
159 140 68 
140 67 68 
140 66 67 
66 140 218 
217 188 39 
217 213 144 
213 217 39 
185 217 144 
188 217 133 
217 185 133 
108 174 107 
108 109 174 
110 111 174 
109 110 174 
120 119 118 
117 120 118 
121 120 117 
196 134 148 
192 115 116 
115 192 114 
115 123 116 
115 114 124 
123 115 124 
170 5 202 
164 170 202 
170 164 137 
170 136 3 
136 170 1 
170 0 1 
170 137 0 
134 8 9 
7 8 134 
8 10 9 
8 7 11 
10 8 11 
155 145 197 
155 149 145 
149 155 190 
155 197 182 
157 155 182 
123 146 122 
164 146 123 
146 121 122 
146 164 134 
196 146 134 
23 22 2 
22 21 2 
22 23 209 
21 22 209 
20 19 2 
21 20 2 
20 211 19 
20 21 211 
119 173 118 
132 173 119 
173 117 118 
173 192 117 
192 173 197 
173 132 197 
13 193 12 
13 185 193 
6 13 12 
5 13 6 
16 185 15 
16 17 199 
185 16 199 
96 97 172 
86 97 96 
97 86 85 
95 96 158 
95 89 88 
96 95 88 
87 96 88 
87 86 96 
87 88 187 
86 87 187 
71 70 69 
69 70 159 
70 162 159 
162 70 153 
70 71 153 
208 35 36 
34 35 208 
35 44 36 
77 57 78 
42 37 36 
37 188 36 
44 43 36 
43 42 36 
163 43 44 
42 43 167 
43 163 167 
163 183 204 
75 74 65 
74 66 65 
74 189 73 
67 74 73 
66 74 67 
74 180 189 
74 75 180 
143 213 167 
143 175 218 
215 138 212 
213 215 212 
143 215 213 
215 143 218 
215 140 138 
140 215 218 
4 170 3 
170 4 5 
17 4 3 
16 4 17 
5 4 15 
4 16 15 
155 150 190 
190 150 205 
150 157 206 
150 155 157 
150 103 104 
205 150 105 
150 104 105 
141 150 206 
103 150 141 
198 120 121 
146 198 121 
198 146 196 
120 198 119 
119 198 161 
198 196 148 
152 198 148 
198 152 161 
185 14 15 
13 14 185 
14 5 15 
14 13 5 
172 98 99 
97 98 172 
98 97 85 
98 84 99 
84 98 85 
94 158 93 
94 95 158 
95 94 89 
94 93 90 
89 94 90 
46 45 34 
35 45 44 
45 35 34 
49 191 48 
135 191 50 
191 49 50 
139 31 179 
31 32 179 
31 49 48 
32 31 48 
33 34 179 
32 33 179 
33 46 34 
57 56 78 
63 175 204 
62 63 204 
175 63 64 
63 75 64 
75 63 76 
63 62 76 
41 37 42 
41 42 167 
183 58 59 
59 58 77 
58 57 77 
60 183 59 
60 59 76 
181 143 167 
143 181 175 
175 181 204 
163 181 167 
181 163 204 
184 45 46 
191 184 46 
184 163 44 
45 184 44 
184 183 163 
29 139 28 
51 29 28 
29 51 50 
33 47 46 
191 47 48 
47 191 46 
47 32 48 
47 33 32 
55 135 54 
78 55 79 
56 55 78 
41 38 37 
188 38 39 
37 38 188 
40 41 167 
213 40 167 
40 213 39 
38 40 39 
40 38 41 
62 61 76 
61 60 76 
61 62 204 
183 61 204 
60 61 183 
203 191 135 
203 184 191 
184 203 183 
203 58 183 
58 203 57 
203 56 57 
55 203 135 
203 55 56 
30 31 139 
29 30 139 
31 30 49 
49 30 50 
30 29 50 
